%YAML:1.0
---
aruco_bc_dict: ARUCO_MIP_36h12
aruco_bc_nmarkers: 90
aruco_bc_mInfoType: 1
aruco_bc_markers:
   - { id:20, corners:[ [ -1.7884954810142517e-01,
       1.8491741418838501e+00, 6.0476422309875488e-01 ], [
       1.5813499689102173e-01, 1.8464821577072144e+00,
       6.0298174619674683e-01 ], [ 1.5634483098983765e-01,
       1.8455272912979126e+00, 2.6598781347274780e-01 ], [
       -1.8063971400260925e-01, 1.8482192754745483e+00,
       2.6777029037475586e-01 ] ] }
   - { id:21, corners:[ [ 2.2816652059555054e-01, 1.8588910102844238e+00,
       5.9989374876022339e-01 ], [ 5.6515860557556152e-01,
       1.8571499586105347e+00, 5.9837764501571655e-01 ], [
       5.6361019611358643e-01, 1.8508543968200684e+00,
       2.6144003868103027e-01 ], [ 2.2661811113357544e-01,
       1.8525954484939575e+00, 2.6295614242553711e-01 ] ] }
   - { id:22, corners:[ [ 6.3406419754028320e-01, 1.8780423402786255e+00,
       5.9287047386169434e-01 ], [ 9.7106021642684937e-01,
       1.8766952753067017e+00, 5.9194576740264893e-01 ], [
       9.7008812427520752e-01, 1.8646930456161499e+00,
       2.5516095757484436e-01 ], [ 6.3309210538864136e-01,
       1.8660401105880737e+00, 2.5608563423156738e-01 ] ] }
   - { id:23, corners:[ [ 1.0432444810867310e+00, 1.8902882337570190e+00,
       5.8808225393295288e-01 ], [ 1.3802224397659302e+00,
       1.8937155008316040e+00, 5.8632630109786987e-01 ], [
       1.3786007165908813e+00, 1.8806420564651489e+00,
       2.4958385527133942e-01 ], [ 1.0416227579116821e+00,
       1.8772147893905640e+00, 2.5133979320526123e-01 ] ] }
   - { id:24, corners:[ [ 1.4545824527740479e+00, 1.8879387378692627e+00,
       5.8710980415344238e-01 ], [ 1.7914707660675049e+00,
       1.8961023092269897e+00, 5.8417820930480957e-01 ], [
       1.7888281345367432e+00, 1.8842163085937500e+00,
       2.4739828705787659e-01 ], [ 1.4519398212432861e+00,
       1.8760527372360229e+00, 2.5032988190650940e-01 ] ] }
   - { id:25, corners:[ [ 1.8650755882263184e+00, 1.8948335647583008e+00,
       5.8403617143630981e-01 ], [ 2.2019476890563965e+00,
       1.9034186601638794e+00, 5.8050656318664551e-01 ], [
       2.1986618041992188e+00, 1.8938701152801514e+00,
       2.4365787208080292e-01 ], [ 1.8617895841598511e+00,
       1.8852850198745728e+00, 2.4718751013278961e-01 ] ] }
   - { id:26, corners:[ [ 2.2739725112915039e+00, 1.8918178081512451e+00,
       5.8367145061492920e-01 ], [ 2.6108109951019287e+00,
       1.9017047882080078e+00, 5.8033895492553711e-01 ], [
       2.6077642440795898e+00, 1.8919715881347656e+00,
       2.4349333345890045e-01 ], [ 2.2709257602691650e+00,
       1.8820846080780029e+00, 2.4682579934597015e-01 ] ] }
   - { id:27, corners:[ [ 2.6827113628387451e+00, 1.8940933942794800e+00,
       5.8227199316024780e-01 ], [ 3.0195331573486328e+00,
       1.9045420885086060e+00, 5.7896196842193604e-01 ], [
       3.0165054798126221e+00, 1.8954247236251831e+00,
       2.4209888279438019e-01 ], [ 2.6796836853027344e+00,
       1.8849760293960571e+00, 2.4540890753269196e-01 ] ] }
   - { id:28, corners:[ [ 3.0913660526275635e+00, 1.8978226184844971e+00,
       5.8066451549530029e-01 ], [ 3.4280753135681152e+00,
       1.9112939834594727e+00, 5.7686197757720947e-01 ], [
       3.4246871471405029e+00, 1.9009032249450684e+00,
       2.4003924429416656e-01 ], [ 3.0879778861999512e+00,
       1.8874318599700928e+00, 2.4384175240993500e-01 ] ] }
   - { id:29, corners:[ [ 3.4967784881591797e+00, 1.8914060592651367e+00,
       5.8167582750320435e-01 ], [ 3.8332388401031494e+00,
       1.9100416898727417e+00, 5.7764530181884766e-01 ], [
       3.8293666839599609e+00, 1.9070742130279541e+00,
       2.4068059027194977e-01 ], [ 3.4929063320159912e+00,
       1.8884385824203491e+00, 2.4471111595630646e-01 ] ] }
   - { id:30, corners:[ [ -1.7395153641700745e-01,
       1.8435715436935425e+00, 1.0162490606307983e+00 ], [
       1.6303887963294983e-01, 1.8418270349502563e+00,
       1.0143990516662598e+00 ], [ 1.6117990016937256e-01,
       1.8400968313217163e+00, 6.7740863561630249e-01 ], [
       -1.7581051588058472e-01, 1.8418413400650024e+00,
       6.7925864458084106e-01 ] ] }
   - { id:31, corners:[ [ 2.3272235691547394e-01, 1.8538579940795898e+00,
       1.0118384361267090e+00 ], [ 5.6971228122711182e-01,
       1.8517037630081177e+00, 1.0103709697723389e+00 ], [
       5.6821662187576294e-01, 1.8472847938537598e+00,
       6.7340326309204102e-01 ], [ 2.3122666776180267e-01,
       1.8494390249252319e+00, 6.7487072944641113e-01 ] ] }
   - { id:32, corners:[ [ 6.3726425170898438e-01, 1.8799699544906616e+00,
       1.0048832893371582e+00 ], [ 9.7426152229309082e-01,
       1.8793954849243164e+00, 1.0036475658416748e+00 ], [
       9.7301149368286133e-01, 1.8707855939865112e+00,
       6.6675996780395508e-01 ], [ 6.3601422309875488e-01,
       1.8713600635528564e+00, 6.6799563169479370e-01 ] ] }
   - { id:33, corners:[ [ 1.0470257997512817e+00, 1.8885518312454224e+00,
       1.0018323659896851e+00 ], [ 1.3840221166610718e+00,
       1.8884067535400391e+00, 1.0002578496932983e+00 ], [
       1.3824430704116821e+00, 1.8752065896987915e+00,
       6.6352009773254395e-01 ], [ 1.0454467535018921e+00,
       1.8753516674041748e+00, 6.6509461402893066e-01 ] ] }
   - { id:34, corners:[ [ 1.4575333595275879e+00, 1.8986400365829468e+00,
       9.9823987483978271e-01 ], [ 1.7944025993347168e+00,
       1.9074583053588867e+00, 9.9502223730087280e-01 ], [
       1.7916507720947266e+00, 1.8897856473922729e+00,
       6.5849721431732178e-01 ], [ 1.4547815322875977e+00,
       1.8809673786163330e+00, 6.6171485185623169e-01 ] ] }
   - { id:35, corners:[ [ 1.8679279088973999e+00, 1.8913645744323730e+00,
       9.9749010801315308e-01 ], [ 2.2046291828155518e+00,
       1.9050447940826416e+00, 9.9372982978820801e-01 ], [
       2.2014060020446777e+00, 1.8918175697326660e+00,
       6.5700489282608032e-01 ], [ 1.8647048473358154e+00,
       1.8781373500823975e+00, 6.6076517105102539e-01 ] ] }
   - { id:36, corners:[ [ 2.2766060829162598e+00, 1.8862086534500122e+00,
       9.9668747186660767e-01 ], [ 2.6132683753967285e+00,
       1.9007540941238403e+00, 9.9270832538604736e-01 ], [
       2.6096692085266113e+00, 1.8919070959091187e+00,
       6.5584367513656616e-01 ], [ 2.2730069160461426e+00,
       1.8773616552352905e+00, 6.5982282161712646e-01 ] ] }
   - { id:37, corners:[ [ 2.6837453842163086e+00, 1.8809844255447388e+00,
       9.9602633714675903e-01 ], [ 3.0203809738159180e+00,
       1.8961828947067261e+00, 9.9220865964889526e-01 ], [
       3.0167417526245117e+00, 1.8921502828598022e+00,
       6.5525239706039429e-01 ], [ 2.6801061630249023e+00,
       1.8769518136978149e+00, 6.5907007455825806e-01 ] ] }
   - { id:38, corners:[ [ 3.0917630195617676e+00, 1.8882198333740234e+00,
       9.9383991956710815e-01 ], [ 3.4283981323242188e+00,
       1.9034115076065063e+00, 9.8997431993484497e-01 ], [
       3.4246664047241211e+00, 1.9003629684448242e+00,
       6.5300875902175903e-01 ], [ 3.0880312919616699e+00,
       1.8851712942123413e+00, 6.5687435865402222e-01 ] ] }
   - { id:39, corners:[ [ 3.4985873699188232e+00, 1.8923077583312988e+00,
       9.9245929718017578e-01 ], [ 3.8352246284484863e+00,
       1.9075101613998413e+00, 9.8881214857101440e-01 ], [
       3.8316385746002197e+00, 1.9060776233673096e+00,
       6.5183424949645996e-01 ], [ 3.4950013160705566e+00,
       1.8908752202987671e+00, 6.5548139810562134e-01 ] ] }
   - { id:40, corners:[ [ -1.6253842413425446e-01,
       1.8123320341110229e+00, 1.4294248819351196e+00 ], [
       1.7444057762622833e-01, 1.8091063499450684e+00,
       1.4274885654449463e+00 ], [ 1.7256079614162445e-01,
       1.8149901628494263e+00, 1.0905450582504272e+00 ], [
       -1.6441820561885834e-01, 1.8182158470153809e+00,
       1.0924813747406006e+00 ] ] }
   - { id:41, corners:[ [ 2.3971574008464813e-01, 1.8370701074600220e+00,
       1.4243609905242920e+00 ], [ 5.7668912410736084e-01,
